
Call:
MCA(X = cudige5, graph = FALSE) 


Eigenvalues
                       Dim.1   Dim.2   Dim.3   Dim.4   Dim.5   Dim.6   Dim.7   Dim.8   Dim.9  Dim.10  Dim.11  Dim.12  Dim.13  Dim.14  Dim.15  Dim.16  Dim.17  Dim.18  Dim.19  Dim.20  Dim.21  Dim.22  Dim.23  Dim.24  Dim.25  Dim.26 
Variance               0.254   0.167   0.163   0.159   0.144   0.130   0.130   0.124   0.120   0.117   0.114   0.112   0.110   0.109   0.105   0.103   0.094   0.092   0.086   0.084   0.082   0.076   0.071   0.058   0.055   0.028 
% of var.              8.802   5.788   5.645   5.506   4.974   4.502   4.496   4.290   4.154   4.059   3.955   3.892   3.816   3.769   3.632   3.567   3.262   3.198   2.989   2.912   2.829   2.625   2.474   2.005   1.903   0.957 
Cumulative % of var.   8.802  14.590  20.235  25.741  30.715  35.217  39.713  44.003  48.157  52.216  56.171  60.063  63.879  67.648  71.279  74.847  78.109  81.307  84.296  87.208  90.037  92.661  95.135  97.140  99.043 100.000 

Individuals (removed)

Categories
                               Dim.1     ctr    cos2  v.test     Dim.2     ctr    cos2  v.test   
1960                       |   0.749   2.554   0.065  19.746 |   0.690   3.294   0.055  18.186 | 
1970                       |   0.633   2.290   0.060  18.986 |   0.603   3.170   0.055  18.113 | 
1980                       |   0.117   0.074   0.002   3.386 |   0.060   0.030   0.001   1.744 | 
1990                       |  -0.062   0.029   0.001  -2.199 |  -0.060   0.041   0.001  -2.123 | 
2000                       |  -0.282   0.862   0.026 -12.515 |  -0.464   3.545   0.071 -20.583 | 
2010                       |  -0.428   1.773   0.052 -17.643 |  -0.150   0.329   0.006  -6.161 | 
ABC/EP                     |  -0.228   0.456   0.013  -8.829 |  -0.653   5.680   0.107 -25.276 | 
DN                         |  -0.255   0.484   0.013  -8.928 |   0.749   6.354   0.115  26.245 | 
GU                         |  -0.149   0.197   0.006  -5.822 |  -0.167   0.377   0.007  -6.523 | 
HS                         |   0.541   3.129   0.095  23.802 |   0.282   1.292   0.026  12.405 | 
LM                         |  -0.071   0.040   0.001  -2.595 |  -0.176   0.370   0.007  -6.376 | 
Art_form_Classical music   |   1.518  12.784   0.335  44.750 |  -0.979   8.089   0.139 -28.866 | 
Art_form_Film              |  -0.859   3.965   0.103 -24.865 |  -0.490   1.966   0.034 -14.197 | 
Art_form_Fine arts         |   0.799   2.009   0.050  17.206 |   0.170   0.139   0.002   3.665 | 
Art_form_Literature        |  -0.686   5.512   0.172 -32.087 |  -0.068   0.082   0.002  -3.182 | 
Art_form_Other             |   0.288   0.409   0.011   7.939 |   0.795   4.732   0.080  21.899 | 
Art_form_Popular music     |  -0.421   1.155   0.031 -13.628 |  -0.396   1.557   0.028 -12.830 | 
Art_form_Theatre           |   0.935   4.244   0.109  25.552 |   1.224  11.061   0.187  33.453 | 
Art_form_TV                |  -0.923   1.384   0.033 -14.019 |   0.653   1.052   0.016   9.913 | 
Artist_origin_Domestic     |  -0.180   0.626   0.026 -12.371 |   0.450   5.945   0.160  30.927 | 
Artist_origin_Other        |  -0.045   0.012   0.000  -1.381 |  -0.262   0.624   0.011  -8.061 | 
Artist_origin_Other Europe |   0.703   6.046   0.192  33.890 |  -0.400   2.983   0.062 -19.305 | 
Artist_origin_USA          |  -0.781   3.795   0.101 -24.604 |  -0.356   1.199   0.021 -11.215 | 
Historical                 |   1.560   9.640   0.243  38.077 |  -0.766   3.533   0.058 -18.694 | 
Post WW2                   |  -0.128   0.057   0.001  -2.906 |   0.116   0.071   0.001   2.636 | 
Pre WW2                    |   0.968   4.403   0.113  25.976 |  -0.426   1.299   0.022 -11.440 | 
Present                    |  -0.326   3.353   0.276 -40.619 |   0.147   1.035   0.056  18.303 | 
Live                       |   0.798  12.764   0.539  56.765 |   0.270   2.213   0.061  19.167 | 
Recording                  |  -0.675  10.797   0.539 -56.765 |  -0.228   1.872   0.061 -19.167 | 
Aesthetic_No               |  -0.034   0.018   0.001  -1.977 |   0.604   8.766   0.207  35.130 | 
Aesthetic_Yes              |   0.019   0.010   0.001   1.977 |  -0.342   4.957   0.207 -35.130 | 
Commercial_No              |   0.064   0.147   0.019  10.793 |  -0.121   0.800   0.070 -20.447 | 
Commercial_Yes             |  -0.306   0.705   0.019 -10.793 |   0.580   3.849   0.070  20.447 | 
Political_No               |   0.209   1.318   0.098  24.187 |  -0.227   2.371   0.116 -26.303 | 
Political_Yes              |  -0.469   2.959   0.098 -24.187 |   0.510   5.322   0.116  26.303 | 

Categorical variables (eta2)
                             Dim.1 Dim.2   
Year                       | 0.174 0.157 | 
Newspaper                  | 0.099 0.212 | 
Art_form                   | 0.720 0.432 | 
Artist_origin              | 0.240 0.162 | 
Artist_time                | 0.399 0.089 | 
Format                     | 0.539 0.061 | 
Aesthetic                  | 0.001 0.207 | 
Commercial                 | 0.019 0.070 | 
Political                  | 0.098 0.116 | 
