
Call:
MCA(X = cudige, graph = FALSE) 


Eigenvalues
                       Dim.1   Dim.2   Dim.3   Dim.4   Dim.5   Dim.6   Dim.7   Dim.8   Dim.9  Dim.10  Dim.11  Dim.12  Dim.13  Dim.14  Dim.15  Dim.16  Dim.17  Dim.18  Dim.19  Dim.20  Dim.21  Dim.22  Dim.23  Dim.24  Dim.25  Dim.26  Dim.27 
Variance               0.255   0.171   0.162   0.158   0.149   0.141   0.129   0.129   0.121   0.118   0.114   0.112   0.110   0.108   0.107   0.104   0.096   0.094   0.092   0.086   0.083   0.079   0.074   0.068   0.058   0.055   0.027 
% of var.              8.506   5.692   5.413   5.252   4.973   4.697   4.314   4.285   4.035   3.927   3.787   3.749   3.660   3.607   3.570   3.465   3.205   3.121   3.054   2.856   2.781   2.628   2.480   2.256   1.932   1.843   0.914 
Cumulative % of var.   8.506  14.198  19.612  24.863  29.836  34.534  38.847  43.132  47.167  51.095  54.882  58.630  62.290  65.897  69.467  72.931  76.137  79.257  82.311  85.167  87.948  90.576  93.056  95.312  97.243  99.086 100.000 

Individuals (removed)

Categories
                               Dim.1     ctr    cos2  v.test     Dim.2     ctr    cos2  v.test   
1960                       |   0.717   2.279   0.058  19.472 |   0.040   0.011   0.000   1.086 | 
1970                       |   0.612   2.094   0.055  18.941 |   0.615   3.156   0.056  19.024 | 
1980                       |   0.119   0.074   0.002   3.548 |   0.078   0.047   0.001   2.308 | 
1990                       |   0.020   0.003   0.000   0.741 |  -0.110   0.133   0.002  -4.008 | 
2000                       |  -0.254   0.697   0.021 -11.764 |  -0.197   0.627   0.013  -9.127 | 
2010                       |  -0.459   2.124   0.063 -20.324 |  -0.106   0.171   0.003  -4.716 | 
ABC/EP                     |  -0.167   0.223   0.006  -6.388 |  -0.200   0.481   0.009  -7.679 | 
DN                         |  -0.178   0.217   0.006  -6.200 |   0.143   0.209   0.004   4.976 | 
GU                         |  -0.047   0.018   0.001  -1.826 |  -0.859   8.985   0.170 -33.241 | 
HS                         |   0.575   3.241   0.096  24.994 |   0.323   1.527   0.030  14.035 | 
LM                         |  -0.019   0.003   0.000  -0.699 |  -0.072   0.056   0.001  -2.602 | 
MIL                        |  -0.722   1.845   0.046 -17.322 |   1.409  10.503   0.176  33.808 | 
Art_form_Classical music   |   1.580  13.109   0.342  47.193 |  -0.818   5.250   0.092 -24.431 | 
Art_form_Film              |  -0.826   3.769   0.099 -25.398 |  -0.393   1.274   0.022 -12.079 | 
Art_form_Fine arts         |   0.793   1.947   0.048  17.694 |   0.752   2.619   0.043  16.790 | 
Art_form_Literature        |  -0.611   4.181   0.129 -29.007 |  -0.528   4.672   0.097 -25.083 | 
Art_form_Other             |   0.284   0.388   0.010   8.076 |   0.778   4.351   0.075  22.111 | 
Art_form_Popular music     |  -0.384   0.974   0.026 -13.093 |   0.139   0.191   0.003   4.739 | 
Art_form_Theatre           |   0.975   4.404   0.113  27.134 |   0.607   2.552   0.044  16.897 | 
Art_form_TV                |  -1.116   3.002   0.073 -21.790 |   1.074   4.156   0.068  20.972 | 
Artist_origin_Domestic     |  -0.213   0.896   0.038 -15.638 |   0.429   5.414   0.152  31.448 | 
Artist_origin_Other        |   0.030   0.005   0.000   0.938 |  -0.281   0.680   0.012  -8.850 | 
Artist_origin_Other Europe |   0.738   6.437   0.203  36.332 |  -0.459   3.726   0.079 -22.610 | 
Artist_origin_USA          |  -0.750   3.518   0.094 -24.773 |  -0.224   0.471   0.008  -7.414 | 
Historical                 |   1.634   9.990   0.251  40.407 |  -0.818   3.743   0.063 -20.234 | 
Post WW2                   |  -0.116   0.047   0.001  -2.753 |  -0.152   0.119   0.002  -3.595 | 
Pre WW2                    |   0.994   4.480   0.115  27.332 |  -0.450   1.371   0.024 -12.370 | 
Present                    |  -0.321   3.281   0.280 -42.664 |   0.177   1.486   0.085  23.488 | 
Live                       |   0.810  12.768   0.530  58.722 |   0.374   4.070   0.113  27.122 | 
Recording                  |  -0.654  10.313   0.530 -58.722 |  -0.302   3.288   0.113 -27.122 | 
Aesthetic_No               |  -0.119   0.242   0.009  -7.704 |   0.708  12.725   0.321  45.683 | 
Aesthetic_Yes              |   0.076   0.155   0.009   7.704 |  -0.453   8.150   0.321 -45.683 | 
Commercial_No              |   0.048   0.083   0.011   8.631 |  -0.027   0.038   0.004  -4.799 | 
Commercial_Yes             |  -0.240   0.416   0.011  -8.631 |   0.133   0.192   0.004   4.799 | 
Political_No               |   0.165   0.833   0.064  20.367 |   0.153   1.066   0.055  18.851 | 
Political_Yes              |  -0.386   1.944   0.064 -20.367 |  -0.357   2.489   0.055 -18.851 | 

Categorical variables (eta2)
                             Dim.1 Dim.2   
Year                       | 0.167 0.064 | 
Newspaper                  | 0.127 0.334 | 
Art_form                   | 0.730 0.385 | 
Artist_origin              | 0.249 0.158 | 
Artist_time                | 0.409 0.103 | 
Format                     | 0.530 0.113 | 
Aesthetic                  | 0.009 0.321 | 
Commercial                 | 0.011 0.004 | 
Political                  | 0.064 0.055 | 
